table:
  position:
    x: 4.00696698376
    y: 1.95436741104
    z: 0.0
  orientation:
    x: 0.0
    y: 0.0
    z: 0.70016214621
    w: 0.713983871677

turtle:
